GGTTS GPS DATA FORMAT VERSION = 01
REV DATE = 2000-11-29
RCVR = AOS SRC TTS-2 023 14.04
CH = 08
IMS = 99999
LAB = AOS Borowiec                            
X = 3738369.22 m
Y = 1148164.25 m
Z = 5021810.46 m
FRAME = ITRF88                                  
COMMENTS = New high performance clock, from 01.08.2001 source of UTC(AOS)
INT DLY =      -7.70 ns
CAB DLY =     149.30 ns
REF DLY =      20.40 ns
REF = HP5071A, opt 001, s.n. US39301660       
CKSUM = FD

PRN CL  MJD  STTIME TRKL ELV AZTH   REFSV      SRSV     REFGPS    SRGPS  DSG IOE MDTR SMDT MDIO SMDI CK
             hhmmss  s  .1dg .1dg    .1ns     .1ps/s     .1ns    .1ps/s .1ns     .1ns.1ps/s.1ns.1ps/s
 25 FF 58057 000600  780 453 2704     4815131     41         -55    104   61  51  114  -14   67   -7 C8             1
 29 FF 58057 000600  780 159 2082    -5444774     52         -15    100   65 104  293 -128  119  -19 33             2
  2 FF 58057 000600  780 258 1244    -2931856     99         -14    194   62   8  185  -39   96  -12 ED             3
  6 FF 58057 000600  780 303  834    -4074489    -36         -86    -55   61  13  160  -12   88   -4 D1             4
 12 FF 58057 000600  780 840 3251    -3669241      8         -39     23   61  20   81    0   50    0 6D             5
 14 FF 58057 000600  780 238 3146      874559     -2         -62      7   62   9  199  -29  100   -8 AD             6
 24 FF 58057 000600  780 555 1563      415978    -12           4     -7   61  90   98   10   59    5 7D             7
 19 FF 58057 000600  780 283  495     4783083    -29         -61    -49   63  11  170   37   92   13 D6             8
 25 FF 58057 002215  765 522 2752     4815187    100         -59    163   56  51  102  -10   61   -6 E5             1
 29 FF 58057 002215  765 230 2101    -5444689     84          24    132   57 104  206  -62  102  -16 07             2
  2 FF 58057 002215  765 312 1190    -2931755    130          -5    226   57   8  156  -24   86   -9 C8             3
  6 FF 58057 002215  765 320  753    -4074518     27         -97      8   56  13  152   -4   85   -2 97             4
 12 FF 58057 002215  765 827  358    -3669227     46         -41     62   56  20   82    1   50    0 86             5
 14 FF 58057 002215  765 269 3083      874579     40         -50     49   58   9  178  -16   94   -5 C9             6
 24 FF 58057 002215  765 478 1568      415986     19           7     23   56  90  109   14   65    7 9A             7
 19 FF 58057 002215  765 218  480     4783043   -113         -81   -134   61  11  217   64  105   15 F5             8
 25 FF 58057 003800  780 592 2804     4815250     67         -56    129   19  51   94   -7   57   -4 CC             1
 29 FF 58057 003800  780 303 2122    -5444640     50          27     98   21 104  160  -36   88  -13 E4             2
  2 FF 58057 003800  780 361 1125    -2931673     82         -14    178   22   8  137  -15   79   -7 CA             3
  6 FF 58057 003800  780 323  669    -4074547     -7        -108    -26   20  13  151    2   85    1 9A             4
 12 FF 58057 003800  780 766  640    -3669214      8         -43     24   19  20   83    2   51    1 6D             5
 14 FF 58057 003800  780 288 3012      874602     14         -37     23   20   9  167   -7   91   -2 8E             6
 24 FF 58057 003800  780 401 1577      415975      6          -7     11   20  90  125   20   73   10 79             7
 25 FF 58057 005415  765 663 2861     4815315     70         -51    132   40  51   88   -5   53   -3 BC             1
 29 FF 58057 005415  765 377 2146    -5444587     47           6     94   40  14  132  -23   76  -11 DC             2
  2 FF 58057 005415  765 401 1049    -2931573     56          -6    152   40   8  125   -9   73   -5 A2             3
  6 FF 58057 005415  765 311  589    -4074557     -3         -99    -23   40  13  156    9   86    3 A3             4
 12 FF 58057 005415  765 698  766    -3669197     12         -41     28   40  20   86    4   52    2 99             5
 14 FF 58057 005415  765 294 2935      874614     23         -33     32   39   9  164    0   89    0 89             6
 24 FF 58057 005415  765 327 1586      415973    -14         -14     -9   42  90  150   31   84   12 BB             7
 25 FF 58057 011015  765 736 2932     4815372     56         -54    118   18  51   84   -3   51   -1 BE             1
 29 FF 58057 011015  765 453 2173    -5444558     66         -11    114   17  14  114  -16   67   -8 ED             2
  2 FF 58057 011015  765 428  961    -2931499     88         -23    183   18   8  119   -5   70   -2 B3             3
  6 FF 58057 011015  765 286  517    -4074594    -38        -117    -58   20  13  168   18   91    6 D6             4
 12 FF 58057 011015  765 628  850    -3669194     13         -54     29   18  20   91    6   55    3 8F             5
 14 FF 58057 011015  765 287 2857      874619     10         -36     19   17   9  168    8   91    3 94             6
 24 FF 58057 011015  765 254 1596      415948    -24         -44    -19   23  90  188   51   97   15 DE             7
 31 FF 58057 011015  765 200 3123    -1653497    110        -121    136   23  68  235  -73  109  -15 1C             8
 25 FF 58057 012600  780 808 3051     4815443     52         -43    115   10  51   82   -2   50   -1 9F             1
 29 FF 58057 012600  780 530 2202    -5444500     40           2     88   12  14  101  -11   60   -6 91             2
  2 FF 58057 012600  780 441  865    -2931400    101         -16    197   11   8  116   -1   69   -1 9F             3
  6 FF 58057 012600  780 250  456    -4074602    -58        -107    -78   11  13  191   31   98    9 C7             4
 12 FF 58057 012600  780 559  915    -3669170      4         -44     20   13  20   98    8   58    5 7B             5
 14 FF 58057 012600  780 267 2781      874643     33         -21     42   12   9  179   16   95    5 96             6
 24 FF 58057 012600  780 184 1605      415975    -26         -21    -22   29  90  256   96  113   18 DF             7
 31 FF 58057 012600  780 263 3108    -1653453     49        -102     75   14  68  182  -41   95  -13 F8             8
 25 FF 58057 014215  765 870 3569     4815498     60         -48    123   59  51   81    0   50    0 AF             1
 29 FF 58057 014215  765 608 2233    -5444459     57          -3    104   60  14   93   -7   56   -4 BF             2
  2 FF 58057 014215  765 438  769    -2931317     97         -25    193   59   8  117    3   69    1 A5             3
  6 FF 58057 014215  765 204  407    -4074637     17        -124     -3   60  13  230   54  108   12 B7             4
 12 FF 58057 014215  765 491  972    -3669158     15         -48     30   59  20  107   11   64    6 B6             5
 14 FF 58057 014215  765 236 2710      874659      7         -14     16   59   9  201   29  101    8 94             6
 31 FF 58057 014215  765 324 3081    -1653418     48         -93     75   59  68  151  -25   84  -10 F8             8
 25 FF 58057 015800  780 831  920     4815570     79         -38    141   13  60   81    1   50    0 85             1
 29 FF 58057 015800  780 687 2268    -5444419     33         -10     80   13  15   87   -5   53   -2 BE             2
  2 FF 58057 015800  780 418  681    -2931233     48         -35    144   13   9  121    7   71    3 81             3
  6 FF 58057 015800  780 153  369    -4074687    -82        -149   -101   19  14  304  106  121   15 0C             4
 12 FF 58057 015800  780 423 1023    -3669137      5         -44     21   14  21  120   16   71    8 93             5
 31 FF 58057 015800  780 380 3038    -1653374     38         -72     65   14  87  131  -16   76   -8 E4             8
 25 FF 58057 021415  765 759 1083     4815617     66         -51    129   47  60   83    3   51    1 AD             1
 29 FF 58057 021415  765 766 2306    -5444381     70         -18    118   47  15   83   -3   51   -1 CE             2
  2 FF 58057 021415  765 384  607    -2931164     90         -57    186   46   9  130   12   75    5 A5             3
 12 FF 58057 021415  765 357 1070    -3669140    -13         -63      3   47  21  138   23   79   10 C2             5
 31 FF 58057 021415  765 430 2975    -1653356     38         -79     64   46  87  118  -10   70   -5 EC             8
 25 FF 58057 023015  765 684 1159     4815685     44         -43    107   12  60   87    5   53    2 AB             1
 29 FF 58057 023015  765 844 2359    -5444332     33         -15     81   12  15   81   -1   50    0 9D             2
  2 FF 58057 023015  765 341  549    -2931070     82         -55    177   13   9  144   18   82    8 A2             3
 12 FF 58057 023015  765 292 1114    -3669127    -14         -65      2   16  21  165   35   90   12 BE             5
 31 FF 58057 023015  765 468 2892    -1653312     15         -60     41   12  87  111   -6   66   -3 C1             8
 25 FF 58057 024615  765 609 1214     4815746     58         -42    120   52  60   93    7   56    4 AC             1
 29 FF 58057 024615  765 878  491    -5444292     44         -21     91   51  15   81    0   50    0 90             2
  2 FF 58057 024615  765 290  507    -2930976     82         -52    177   52   9  166   29   90   10 C2             3
 12 FF 58057 024615  765 228 1155    -3669131     65         -84     81   52  21  208   57  103   14 E4             5
 31 FF 58057 024615  765 490 2790    -1653288     27         -61     53   52  87  107   -2   64   -1 D4             8
 25 FF 58057 030215  765 534 1259     4815816     64         -32    127   41  60  101   10   60    6 B7             1
 29 FF 58057 030215  765 802  588    -5444241     55         -16    103   42  15   82    2   50    1 91             2
  2 FF 58057 030215  765 234  477    -2930911     82         -79    178   44   9  203   48  101   13 C4             3
 21 FF 58057 030215  765 265 1927     4664728     48          -9     14   42  22  181  -48   95  -15 DF             4
 12 FF 58057 030215  765 164 1193    -3669103     87         -72    102   47  21  284  107  118   17 05             5
  5 FF 58057 030215  765 187  874      242601     -7         -94    -19   42  32  251  -48  112   -9 B4             6
 26 FF 58057 030215  765 243 2985     3790970   -120         -76   -249   44  66  196  -50   99  -14 3E             7
 31 FF 58057 030215  765 494 2678    -1653241     19         -49     46   41  11  106    1   63    1 A8             8
 25 FF 58057 031800  780 460 1299     4815864     54         -45    116   17  60  112   14   67    8 CD             1
 29 FF 58057 031800  780 727  635    -5444210     43         -31     91   17  15   85    4   52    2 84             2
  2 FF 58057 031800  780 176  460    -2930859     96        -119    192   36   9  266   88  115   15 EB             3
 21 FF 58057 031800  780 339 1930     4664699    -20          -6    -54   19  22  145  -29   82  -12 ED             4
  5 FF 58057 031800  780 219  807      242589    -46         -93    -59   20  32  215  -27  105   -6 C7             6
 26 FF 58057 031800  780 309 2996     3790857   -180         -65   -310   23  66  157  -32   87  -12 33             7
 31 FF 58057 031800  780 477 2569    -1653227     25         -60     51   18  11  109    5   65    2 AA             8
 25 FF 58057 033415  765 387 1335     4815926     41         -42    104   12  60  129   21   75   10 D1             1
 29 FF 58057 033415  765 654  678    -5444159     53         -25    101   12  15   89    5   54    3 AC             2
 21 FF 58057 033415  765 414 1931     4664665    -54          -7    -88   14  22  122  -19   72   -9 E1             4
 20 FF 58057 033415  765 202 1258    -4913458     32         -56     21   19   9  233  -63  108  -13 E7             5
  5 FF 58057 033415  765 242  735      242577    -26         -93    -39   13  32  196  -13  100   -4 C1             6
 26 FF 58057 033415  765 376 2998     3790750   -123         -48   -253   13  66  132  -21   76  -10 2E             7
 31 FF 58057 033415  765 444 2472    -1653187     31         -45     57   13  11  116    9   68    5 B2             8
 25 FF 58057 035000  780 316 1367     4815984     35         -50     97   18  61  154   32   86   12 CF             1
 29 FF 58057 035000  780 582  721    -5444115     40         -28     87   17  16   95    8   57    4 94             2
 16 FF 58057 035000  780 155 3047     -366976   -138         -97   -136   36  13  300 -125  120  -18 39             3
 21 FF 58057 035000  780 490 1928     4664633    -38          -4    -72   17  23  107  -13   64   -7 D3             4
 20 FF 58057 035000  780 256 1207    -4913443    -59         -28    -71   20  10  186  -37   97  -11 FD             5
  5 FF 58057 035000  780 253  660      242526      3        -139    -10   18  91  188   -4   97   -1 8A             6
 26 FF 58057 035000  780 444 2987     3790610    -84         -65   -214   19 100  115  -14   68   -8 10             7
 31 FF 58057 035000  780 397 2392    -1653181     25         -62     51   19  12  126   14   74    7 B8             8
 25 FF 58057 040615  765 246 1395     4816026    -10         -68     52   14  61  194   53   99   15 E1             1
 29 FF 58057 040615  765 513  763    -5444081     19         -39     67   11  16  104   10   62    6 AF             2
 16 FF 58057 040615  765 221 3059     -366944    -17         -67    -15   14  13  214  -63  104  -15 01             3
 21 FF 58057 040615  765 566 1918     4664600    -65          -5    -99   11  23   97   -9   58   -5 CD             4
 20 FF 58057 040615  765 306 1147    -4913467    -15         -41    -26   15  10  158  -23   87   -9 F4             5
  5 FF 58057 040615  765 252  584      242546    -34        -107    -47   13  91  189    6   98    2 A7             6
 26 FF 58057 040615  765 511 2958     3790504   -121         -46   -251   11 100  104  -10   62   -6 08             7
 31 FF 58057 040615  765 343 2328    -1653139    -21         -45      5   16  12  143   22   81    9 B0             8
 25 FF 58057 042215  765 177 1421     4816032      7        -123     70   43  61  264  100  114   18 D6             1
 29 FF 58057 042215  765 445  806    -5444044     55         -48    103   15  16  115   14   68    7 C6             2
 16 FF 58057 042215  765 289 3063     -366933     18         -58     21   18  13  167  -37   90  -13 E8             3
 21 FF 58057 042215  765 641 1891     4664562    -20         -10    -54   15  23   90   -6   54   -3 BA             4
 20 FF 58057 042215  765 350 1076    -4913479     23         -42     12   16  10  141  -14   80   -6 C5             5
  5 FF 58057 042215  765 237  513      242525    -37        -116    -50   16  91  200   17  101    5 A3             6
 26 FF 58057 042215  765 574 2901     3790373   -104         -53   -234   15 100   96   -7   58   -4 FE             7
 31 FF 58057 042215  765 283 2276    -1653132      1         -63     27   18  12  170   35   91   12 B2             8
 29 FF 58057 043815  765 379  848    -5443987     32         -37     80   49  16  131   20   76    9 D8             2
 16 FF 58057 043815  765 358 3057     -366918     -5         -46     -3   49  13  138  -24   79  -10 E7             3
 21 FF 58057 043815  765 712 1827     4664540    -53           1    -87   48  23   85   -4   52   -2 AF             4
 20 FF 58057 043815  765 383  995    -4913479    -20         -31    -32   50  10  130   -8   76   -4 D4             5
  5 FF 58057 043815  765 211  448      242500    -26        -129    -38   47  91  223   33  106    7 B8             6
 26 FF 58057 043815  765 628 2802     3790272   -117         -30   -246   48 100   91   -4   55   -2 FE             7
 18 FF 58057 045415  765 204 1574    -6321042     46         -74     42   52  14  231  -73  108  -16 F7             1
 29 FF 58057 045415  765 315  890    -5443966     16         -61     63   50  16  154   29   86   11 D6             2
 16 FF 58057 045415  765 426 3036     -366919      7         -49     10   49  13  119  -16   70   -8 C6             3
 21 FF 58057 045415  765 773 1671     4664484    -64         -23    -98   49  23   83   -2   51   -1 D8             4
 20 FF 58057 045415  765 404  904    -4913508    -28         -49    -40   50  10  125   -3   73   -2 C5             5
  5 FF 58057 045415  765 175  392      242471    -65        -146    -77   49  91  266   61  115   10 DD             6
 26 FF 58057 045415  765 664 2648     3790129   -149         -49   -279   49 100   88   -2   53   -1 1C             7
 18 FF 58057 051000  780 271 1544    -6320998    -31         -26    -36   15  14  177  -42   94  -13 04             1
 29 FF 58057 051000  780 252  932    -5443905     65         -46    113   18  16  189   45   97   13 DD             2
 16 FF 58057 051000  780 491 2995     -366906     14         -38     16   14  13  107  -11   64   -6 C4             3
 21 FF 58057 051000  780 804 1326     4664467    -61          -7    -95   13  23   82    0   50    0 85             4
 20 FF 58057 051000  780 408  808    -4913506    -11         -36    -23   13  10  124    1   72    1 8F             5
  5 FF 58057 051000  780 131  347      242452    -19        -153    -32   18  91  350  123  126   14 C3             6
 26 FF 58057 051000  780 671 2454     3790020   -130         -33   -260   14 100   88    1   53    0 BC             7
 27 FF 58057 051000  780 244 2816    -3429248    -12         -89    -50   16  68  195  -49   99  -14 1D             8
 18 FF 58057 052615  765 337 1510    -6321008     24         -32     19   18  14  145  -26   82  -11 E0             1
 29 FF 58057 052615  765 191  973    -5443871     47         -58     95   19  16  246   77  111   15 F7             2
 16 FF 58057 052615  765 550 2925     -366904     26         -38     28   14  13   99   -7   59   -4 BE             3
 21 FF 58057 052615  765 781  960     4664419     -6         -22    -40   14  23   83    1   51    1 80             4
 20 FF 58057 052615  765 396  717    -4913532     11         -51      0   16  10  127    6   74    3 80             5
 26 FF 58057 052615  765 645 2274     3789895   -104         -34   -234   14 100   90    3   54    2 EA             7
 27 FF 58057 052615  765 308 2850    -3429277     -8         -81    -46   18  68  158  -31   87  -12 13             8
 18 FF 58057 054200  780 403 1465    -6321008    -26         -27    -30   13  14  125  -17   73   -8 E0             1
 16 FF 58057 054200  780 597 2815     -366897     -2         -33     -0   14  13   94   -4   56   -2 9F             3
 21 FF 58057 054200  780 726  790     4664387    -63         -22    -97   13  23   85    3   52    1 9C             4
 20 FF 58057 054200  780 368  636    -4913537    -41         -45    -52   14  10  135   11   78    5 BF             5
 26 FF 58057 054200  780 596 2143     3789778   -137         -26   -266   13 100   94    6   56    3 F4             7
 27 FF 58057 054200  780 374 2881    -3429308    -97         -75   -136   15  68  133  -21   77  -10 27             8
 18 FF 58057 055815  765 464 1407    -6321018      1         -28     -3   51  15  112  -11   66   -6 BA             1
 16 FF 58057 055815  765 622 2666     -366885    -10         -22     -8   52  16   91   -1   55   -1 B7             3
 21 FF 58057 055815  765 662  727     4664347    -48         -32    -82   52  24   88    5   53    2 B0             4
 20 FF 58057 055815  765 329  569    -4913561    -71         -61    -82   52  11  149   19   84    7 E1             5
 10 FF 58057 055815  765 237 1722    -1007109    -84         -36   -165   53  60  200  -58  101  -16 1F             6
 26 FF 58057 055815  765 532 2058     3789655   -153         -29   -282   51   5  101    9   60    5 E3             7
 27 FF 58057 055815  765 443 2909    -3429347    -12         -75    -51   51  69  116  -15   68   -8 13             8
 18 FF 58057 061415  765 518 1329    -6321020    -20         -26    -25   13  15  103   -7   61   -4 CB             1
 16 FF 58057 061415  765 619 2499     -366884      8         -23     10   13  16   92    2   55    1 85             3
 21 FF 58057 061415  765 595  708     4664309    -39         -37    -73   14  24   94    7   56    4 B2             4
 20 FF 58057 061415  765 280  518    -4913577     -9         -66    -20   15  11  171   30   92   10 C1             5
 10 FF 58057 061415  765 310 1707    -1007188    -58         -37   -140   16  60  157  -34   87  -13 13             6
 26 FF 58057 061415  765 462 2003     3789523    -96         -37   -225   14   5  112   14   66    7 D5             7
 27 FF 58057 061415  765 514 2931    -3429377    -20         -68    -59   13  69  103  -11   62   -6 00             8
 18 FF 58057 063015  765 560 1226    -6321006     11          -7      6   53  15   98   -4   58   -2 8C             1
  8 FF 58057 063015  765 220 2948      789259     40        -127     53   62  78  215  -61  104  -15 EF             2
 16 FF 58057 063015  765 589 2352     -366875      8         -16     11   53  16   94    4   57    2 8B             3
 21 FF 58057 063015  765 529  711     4664292    -19         -22    -54   54  24  101    9   61    5 A7             4
 20 FF 58057 063015  765 226  481    -4913597    -11         -75    -23   53  11  210   51  103   13 D7             5
 10 FF 58057 063015  765 384 1687    -1007247    -64         -17   -146   53  60  130  -22   75  -10 0F             6
 26 FF 58057 063015  765 390 1967     3789427    -96          -9   -226   53   5  128   21   75   10 EA             7
 27 FF 58057 063015  765 586 2943    -3429395    -20         -50    -59   53  69   95   -8   57   -4 F7             8
 18 FF 58057 064615  765 584 1099    -6321018     -0         -16     -5   17  15   95   -1   57   -1 B3             1
  8 FF 58057 064615  765 285 2968      789308      3         -91     17   25  78  169  -37   91  -13 DA             2
 16 FF 58057 064615  765 539 2241     -366880     -8         -23     -5   18  16  100    8   60    4 96             3
 21 FF 58057 064615  765 464  726     4664250    -23         -31    -57   19  24  112   12   66    7 BE             4
 20 FF 58057 064615  765 168  456    -4913594    -12         -61    -23   24  11  278   97  117   16 FC             5
 10 FF 58057 064615  765 459 1658    -1007342   -117         -34   -199   18  60  113  -15   67   -8 25             6
 26 FF 58057 064615  765 317 1941     3789291   -141         -20   -270   19   5  154   33   86   13 FF             7
 27 FF 58057 064615  765 660 2937    -3429430    -49         -47    -88   17  69   88   -5   54   -3 FE             8
 18 FF 58057 070200  780 587  962    -6321025     19         -18     14   12  15   95    1   57    1 85             1
  8 FF 58057 070200  780 351 2981      789321    -23         -91     -9   13  78  140  -24   80  -11 C1             2
 16 FF 58057 070200  780 476 2164     -366866     -2         -11      1   15  16  109   12   65    6 8C             3
 21 FF 58057 070200  780 400  748     4664235    -65         -13    -99   13  24  126   17   73    8 BA             4
 10 FF 58057 070200  780 532 1613    -1007398    -74         -11   -156   12  60  101  -10   60   -5 DD             6
 26 FF 58057 070200  780 244 1921     3789187   -104           1   -234   19   5  195   55   99   15 E0             7
 27 FF 58057 070200  780 734 2890    -3429458    -44         -38    -83   12  69   84   -3   51   -1 DE             8
 18 FF 58057 071815  765 567  837    -6321036      7         -25      2   18  15   97    3   58    2 7A             1
  8 FF 58057 071815  765 420 2986      789328     53         -97     67   18  78  121  -17   71   -8 D9             2
 16 FF 58057 071815  765 408 2110     -366871     33         -19     35   17  16  124   18   72    9 B6             3
 21 FF 58057 071815  765 337  774     4664200    -30         -15    -64   19  24  145   24   84   13 CF             4
 15 FF 58057 071815  765 169  465     3569268    -46         -67    -44   22  55  274   20  116    2 E6             5
 10 FF 58057 071815  765 600 1541    -1007479    -59         -13   -141   16  60   93   -6   56   -3 DE             6
 27 FF 58057 071815  765 800 2719    -3429498    -29         -41    -68   17  69   82   -1   51   -1 ED             8
 18 FF 58057 073415  765 530  739    -6321041    -29         -25    -34   13  15  101    6   62    5 AC             1
  8 FF 58057 073415  765 489 2978      789352      2         -86     15   13  78  107  -12   64   -6 BF             2
 16 FF 58057 073415  765 337 2072     -366848    -20           3    -18   14  16  145   28   82   12 BF             3
 21 FF 58057 073415  765 276  804     4664159     14         -23    -20   16  24  174   36   98   16 CC             4
 15 FF 58057 073415  765 152  401     3569288    -20         -49    -18   18  55  305   45  119    3 D8             5
 10 FF 58057 073415  765 657 1421    -1007554   -107         -10   -189   11  60   89   -4   54   -1 EC             6
 27 FF 58057 073415  765 826 2217    -3429518    -31         -24    -70   12  69   82    0   50    1 B7             8
 18 FF 58057 075015  765 481  670    -6321047      2         -27     -3   15  16  109    9   67    6 8B             1
  8 FF 58057 075015  765 558 2949      789377     26         -78     40   15  79   98   -8   59   -4 C7             2
 16 FF 58057 075015  765 266 2043     -366840     34          11     36   22  17  180   46   98   19 BB             3
 21 FF 58057 075015  765 216  836     4664134      7         -19    -27   22  25  218   59  116   21 C5             4
 10 FF 58057 075015  765 693 1238    -1007648    -43         -28   -125   15  68   86   -1   54    0 DA             6
 27 FF 58057 075015  765 780 1818    -3429538    -41          -1    -80   15  97   83    2   52    2 B3             8
 18 FF 58057 080615  765 424  625    -6321054      9         -29      4   14  16  120   14   74    8 89             1
  8 FF 58057 080615  765 622 2886      789393      1         -75     15   13  79   91   -5   56   -2 96             2
 16 FF 58057 080615  765 197 2019     -366835     11          13     14   16  17  239   83  120   26 C9             3
 10 FF 58057 080615  765 695 1019    -1007709    -87         -10   -169   13  68   86    1   55    1 D3             6
 27 FF 58057 080615  765 708 1695    -3429585    -50         -10    -89   13  16   86    4   55    4 D2             8
 18 FF 58057 082200  780 365  599    -6321063     15         -34     10   17  16  136   20   82   10 B1             1
  8 FF 58057 082200  780 677 2768      789415     25         -67     39   13  79   87   -3   55    0 9F             2
 10 FF 58057 082200  780 663  836    -1007785    -75          -8   -157   14  68   88    3   57    2 B6             6
 27 FF 58057 082200  780 629 1656    -3429618    -27          -6    -66   13  16   91    7   59    6 BC             8
 18 FF 58057 083815  765 303  587    -6321065    -49         -32    -53   21  16  160   31   93   12 DC             1
  8 FF 58057 083815  765 710 2572      789419      7         -76     20   15  79   86   -1   55    1 86             2
 11 FF 58057 083815  765 308 2873     7240902    -23           7     -4   20  77  158  -32   87  -11 D1             3
 10 FF 58057 083815  765 610  720    -1007867   -106         -11   -187   15  68   92    6   60    4 CA             6
 27 FF 58057 083815  765 550 1645    -3429660    -43         -10    -81   16  16   99   10   67    9 DD             8
 18 FF 58057 085400  780 241  585    -6321068    -33         -30    -37   21  16  197   49  106   15 ED             1
  8 FF 58057 085400  780 706 2336      789446     18         -62     32   11  79   86    1   57    2 80             2
 11 FF 58057 085400  780 376 2885     7240923     20          10     40   13  77  132  -21   77   -9 BC             3
  1 FF 58057 085400  780 252 2779       74339     31         -21     55   15  13  189  -46   98  -13 B5             4
 14 FF 58057 085400  780 219 1436      874929    105          25    114   16  15  216  -63  141  -24 F3             5
 10 FF 58057 085400  780 546  657    -1007951    -97         -17   -178   13  68   99    8   65    6 D7             6
 28 FF 58057 085415  765 184 3237    -6585835    -29          10    -60   14  79  253  -42  106  -10 1C             7
 27 FF 58057 085400  780 470 1645    -3429685    -38           1    -76   11  16  110   15   77   13 D1             8
  8 FF 58057 091015  765 668 2146      789460     32         -61     46   20  79   88    4   60    4 85             2
 11 FF 58057 091015  765 446 2889     7240936     17           4     36   22  77  115  -15   70   -7 BD             3
  1 FF 58057 091015  765 317 2814       74351     30         -32     54   21  13  154  -29   87  -11 9B             4
 14 FF 58057 091015  765 283 1398      874949     23          37     32   31  15  170  -36  121  -19 DE             5
 10 FF 58057 091015  765 478  626    -1008036   -103         -23   -184   20  68  109   12   71    8 E2             6
 28 FF 58057 091015  765 211 3178    -6585861    -40          14    -71   21  79  223  -22   99   -5 F6             7
 27 FF 58057 091015  765 392 1650    -3429728    -55          -4    -94   21  16  128   22   92   19 EA             8
 22 FF 58057 092615  765 278 2319     1731588    112          30    240   11  14  173  -40  107  -15 FE             1
  8 FF 58057 092615  765 608 2028      789487     21          -1     34   11  17   93    6   65    6 70             2
 11 FF 58057 092615  765 517 2879     7240972     13          22     32    9  77  103  -10   65   -4 B8             3
  1 FF 58057 092615  765 384 2848       74374     25         -31     49   15  13  130  -20   78   -8 A3             4
 14 FF 58057 092615  765 347 1352      874934    -50          13    -41   17  15  142  -23  105  -14 E6             5
 10 FF 58057 092615  765 410  615    -1008110   -110         -19   -192   11  68  123   18   80   10 DF             6
 28 FF 58057 092615  765 226 3112    -6585877    -43          27    -73   11  79  209   -9   96   -2 F9             7
 27 FF 58057 092615  765 316 1657    -3429754    -43           7    -82   14  16  154   34  113   26 EF             8
 22 FF 58057 094200  780 346 2349     1731709    129          29    257   20  14  142  -26   94  -12 F7             1
  8 FF 58057 094200  780 538 1959      789497     27          -4     40   20  17  100   10   72   10 93             2
 11 FF 58057 094200  780 587 2845     7240981     29          12     48   19  77   95   -7   61   -3 B6             3
  1 FF 58057 094200  780 452 2878       74389     33         -40     57   21  13  114  -14   70   -6 93             4
 14 FF 58057 094200  780 407 1293      874950     13          20     22   21  15  124  -15   93  -11 AB             5
 10 FF 58057 094200  780 342  618    -1008200    -52         -30   -134   20  68  144   26   91   13 CC             6
 28 FF 58057 094200  780 230 3043    -6585924    -46           9    -77   21  79  206    2   95    1 B7             7
 27 FF 58057 094200  780 242 1663    -3429798    -67          -0   -106   24  16  197   58  142   35 10             8
 22 FF 58057 095815  765 415 2381     1731830     94          20    221   46  15  122  -17   83  -10 DD             1
  8 FF 58057 095815  765 463 1918      789513    -23          -1     -9   45  18  112   15   83   14 AE             2
 11 FF 58057 095815  765 653 2772     7241005    -11          17      8   45  79   89   -5   60   -1 A7             3
  1 FF 58057 095815  765 523 2904       74419      7         -29     31   45  21  102  -10   65   -5 83             4
 14 FF 58057 095815  765 459 1217      874954     -1          21      8   45  16  112   -9   84   -7 9D             5
 10 FF 58057 095815  765 275  630    -1008261   -114         -10   -196   45  72  175   40  105   16 08             6
 28 FF 58057 095815  765 221 2972    -6585937    -63          29    -94   45  80  213   14   97    3 F8             7
 22 FF 58057 101400  780 485 2416     1731933    124          -0    252   16  15  108  -12   75   -8 CB             1
  8 FF 58057 101400  780 387 1892      789510      6         -17     20   18  18  129   22   99   19 A1             2
 11 FF 58057 101400  780 707 2626     7241012     26           6     45   15  79   86   -2   59    0 73             3
  1 FF 58057 101400  780 596 2922       74428     13         -42     37   14  21   94   -7   62   -3 69             4
 14 FF 58057 101400  780 500 1122      874948     19           6     28   15  16  105   -5   79   -5 83             5
 10 FF 58057 101400  780 210  648    -1008361    -43         -32   -125   17  72  224   67  121   19 DF             6
 28 FF 58057 101400  780 201 2904    -6585955    -33          40    -63   20  80  233   28  102    6 D0             7
  3 FF 58057 101400  780 250 2420      487192    -94          -6   -146   20  18  191  -48  115  -17 DB             8
 22 FF 58057 103000  780 555 2452     1732072    105          17    232   14  15   98   -9   69   -5 B6             1
  8 FF 58057 103000  780 312 1874      789526     11         -14     25   15  18  156   35  121   27 AA             2
 11 FF 58057 103000  780 733 2388     7241036      6          11     25   14  79   84    0   60    2 5B             3
  1 FF 58057 103000  780 671 2924       74457      8         -36     32   14  21   88   -5   60   -1 54             4
 14 FF 58057 103000  780 525 1009      874960    -10           9     -1   13  16  102   -2   75   -2 72             5
 28 FF 58057 103000  780 172 2839    -6585982    -36          42    -67   15  80  271   53  109    9 F3             7
  3 FF 58057 103000  780 316 2458      487153   -115           5   -167   17  18  154  -30  101  -14 D7             8
 22 FF 58057 104600  780 626 2491     1732190    125          13    252   13  15   91   -6   65   -4 B0             1
  8 FF 58057 104600  780 239 1861      789547     60          -6     74   23  18  199   59  151   36 C0             2
 11 FF 58057 104600  780 716 2131     7241057     35          14     54   13  79   85    2   63    3 75             3
  1 FF 58057 104600  780 745 2890       74487     33         -29     57   13  21   84   -3   59    0 6C             4
 14 FF 58057 104600  780 530  887      874967     18           8     27   13  16  101    1   74    0 5F             5
 17 FF 58057 104600  780 209 3191     1475864    -35           3    -58   16  62  225  -57   86   -4 D5             6
 28 FF 58057 104600  780 134 2780    -6586015    -10          39    -41   19  80  343  102  119   12 F7             7
  3 FF 58057 104600  780 383 2498      487093     -6          -5    -59   14  18  130  -20   88  -11 B6             8
 22 FF 58057 110215  765 698 2533     1732289    150         -10    277   43  15   86   -4   62   -2 D0             1
 11 FF 58057 110215  765 666 1956     7241065     40           3     59   43  79   88    4   66    5 84             3
  1 FF 58057 110215  765 814 2728       74494     17         -45     41   43  21   82   -1   59    1 62             4
 14 FF 58057 110215  765 513  773      874952     25         -16     34   43  16  103    4   75    2 79             5
 17 FF 58057 110215  765 260 3153     1475818     -2         -21    -24   44  62  183  -33   83   -3 CB             6
  3 FF 58057 110215  765 451 2542      487022    -24         -26    -77   44  18  114  -14   79   -9 C4             8
 11 FF 58057 111815  765 600 1859     7241101     60          20     79   54  79   93    7   72    8 8C             3
  1 FF 58057 111815  765 842 2108       74533     67         -29     91   55  21   81    0   61    2 56             4
 14 FF 58057 111815  765 479  678      874977     55          -0     64   55  16  109    7   77    3 94             5
 17 FF 58057 111815  765 305 3101     1475807     -4         -11    -27   55  62  159  -20   80   -2 CA             6
 32 FF 58057 111815  765 327  528     5190028     76         -41    113   55  74  149   25   93    8 C3             7
  3 FF 58057 111815  765 521 2588      486993    -42          -5    -94   54  18  102  -10   72   -6 BF             8
 31 FF 58057 113400  780 210 1033    -1652484      3         -83     30   22  22  224  -50  156  -26 C7             2
 11 FF 58057 113400  780 526 1806     7241116     -8          17     11   18  79  102   11   81   11 99             3
  1 FF 58057 113400  780 787 1699       74555      1         -30     25   19  21   82    2   63    3 44             4
 17 FF 58057 113400  780 341 3035     1475782    -48         -13    -70   19  62  144  -12   79   -1 E1             6
  3 FF 58057 113400  780 590 2640      486941    -57          -6   -110   18  18   94   -7   66   -4 A5             8
 22 FF 58057 115015  765 885  561     1732676    138           9    266   47  16   81    0   60    1 8E             1
 31 FF 58057 115015  765 255  970    -1652456     30         -77     56   49  23  187  -29  135  -19 01             2
 11 FF 58057 115015  765 451 1776     7241135     21          17     40   48  80  114   16   94   16 B0             3
  1 FF 58057 115015  765 712 1604       74582     27         -21     51   48  22   85    4   66    4 54             4
 14 FF 58057 115015  765 377  558      874999    -35           5    -26   50  17  132   18   87    7 AB             5
 17 FF 58057 115015  765 365 2957     1475780    -33           5    -56   48  63  136   -5   79    1 C3             6
 19 FF 58057 115015  765 240 3165     4782326    -83          66   -104   49  74  198  -35   81    0 F1             7
  3 FF 58057 115015  765 661 2700      486877    -18         -24    -71   48  19   88   -5   63   -3 B4             8
 22 FF 58057 120600  780 815  823     1732783    125          -6    252   15  16   82    2   61    1 80             1
 31 FF 58057 120600  780 291  898    -1652437     70         -84     96   18  23  166  -17  120  -13 F2             2
 11 FF 58057 120600  780 376 1759     7241139     -7           3     12   16  80  132   23  112   22 9C             3
  1 FF 58057 120600  780 633 1580       74592     36         -35     60   15  22   91    7   71    7 51             4
 14 FF 58057 120600  780 317  527      875001    -11          -2     -2   18  17  154   28   95    9 79             5
 17 FF 58057 120600  780 374 2871     1475733     -2         -19    -24   17  63  133    0   81    3 A0             6
 19 FF 58057 120600  780 279 3104     4782284    -22          44    -43   16  74  172  -20   81    0 C5             7
  3 FF 58057 120600  780 731 2777      486829    -32         -22    -85   17  19   84   -3   61   -1 A7             8
 22 FF 58057 122215  765 744  883     1732906    118          -6    245   37  16   84    3   63    2 99             1
 31 FF 58057 122215  765 317  818    -1652399     44         -70     70   38  23  153   -9  109   -9 D6             2
 11 FF 58057 122215  765 302 1748     7241147    -55          -8    -36   38  80  160   36  136   29 E3             3
  1 FF 58057 122215  765 553 1579       74626     60         -23     83   37  22   98   10   80   10 7D             4
 14 FF 58057 122215  765 255  510      875018    -62           6    -53   39  17  187   45  104   10 AB             5
 17 FF 58057 122215  765 367 2781     1475717    -21         -14    -44   38  63  135    5   84    5 C8             6
 19 FF 58057 122215  765 307 3031     4782258    -29          37    -49   38  74  158  -10   81    1 DB             7
  3 FF 58057 122215  765 801 2907      486789    -56         -12   -108   38  19   82   -2   60    0 AE             8
 22 FF 58057 123800  780 674  930     1733017    142         -16    269   15  16   88    5   66    4 A7             1
 31 FF 58057 123800  780 329  734    -1652388     34         -85     60   15  23  148   -2  102   -5 C3             2
 11 FF 58057 123800  780 231 1740     7241135    -22         -39     -2   25  80  206   61  168   38 CE             3
  1 FF 58057 123800  780 475 1585       74631     55         -41     79   15  22  110   14   91   14 87             4
 19 FF 58057 123800  780 321 2950     4782236     13          34     -8   16  74  152   -3   83    3 9A             7
  3 FF 58057 123800  780 859 3348      486722    -58         -28   -110   14  19   81    0   60    0 98             8
 31 FF 58057 125415  765 326  649    -1652356     15         -78     41   18  23  149    4   99   -2 BC             2
  1 FF 58057 125415  765 398 1595       74654      9         -41     33   17  22  126   21  108   20 90             4
  9 FF 58057 125415  765 233 2229    -4654382    -22         -15    -73   21 156  204  -58  146  -30 1B             5
 23 FF 58057 125415  765 552 2110     2184250     -2          22      0   17  21   98   -9   77   -9 7D             6
 19 FF 58057 125415  765 320 2865     4782206     11          24     -9   17  74  152    4   87    5 9B             7
  3 FF 58057 125415  765 836  641      486661    -46         -39    -98   17  19   81    1   61    1 89             8
  6 FF 58057 131015  765 265 3107    -4075346     -2         -12    -22   11  68  181  -41   80   -1 BC             1
 31 FF 58057 131015  765 309  571    -1652345     64         -92     90   16  23  157   11   98    0 AD             2
 17 FF 58057 131015  765 267 2550     1475659    -34          -6    -57   12  63  179   31  113   16 E7             3
  1 FF 58057 131015  765 322 1606       74673     65         -45     89   17  22  152   33  129   26 A2             4
  9 FF 58057 131015  765 302 2257    -4654399    -95          17   -146   14 156  160  -35  121  -23 23             5
 23 FF 58057 131015  765 628 2120     2184246    -12          16     -9   13  21   91   -6   70   -6 92             6
 19 FF 58057 131015  765 305 2782     4782185     10          23    -10   13  74  159   11   92    7 B0             7
  3 FF 58057 131015  765 769  862      486613    -41         -37    -93   13  19   83    2   62    2 7E             8
  6 FF 58057 133815  765 370 3051    -4075390     -3         -24    -23   51  68  134  -18   76   -3 D2             1
 31 FF 58057 133815  765 250  458    -1652296     33         -87     59   50  23  190   31  101    3 C1             2
 17 FF 58057 133815  765 175 2453     1475623    -19          -4    -42   53  63  266   84  149   27 F8             3
  1 FF 58057 133815  765 195 1624       74672      3         -86     27   52  22  242   87  185   42 A0             4
  9 FF 58057 133815  765 427 2312    -4654490    -11          12    -62   51 156  119  -17   91  -14 FC             5
 23 FF 58057 133815  765 760 2091     2184253     42          20     45   51  21   83   -3   63   -2 90             6
 19 FF 58057 133815  765 248 2653     4782164     29          37      9   51  74  192   31  110   14 CA             7
  3 FF 58057 133815  765 645 1009      486520    -39         -42    -92   51  19   90    6   68    5 97             8
  6 FF 58057 135400  780 424 2995    -4075420    -17         -35    -36   17  69  120  -12   73   -3 E1             1
 31 FF 58057 135400  780 204  410    -1652304     68        -113     94   20  30  230   55  104    4 AC             2
  9 FF 58057 135400  780 500 2347    -4654562    -34         -10    -85   18 157  106  -12   79  -10 03             5
 23 FF 58057 135400  780 830 1939     2184248      9          15     12   16  22   82   -1   61   -1 7E             6
 19 FF 58057 135400  780 203 2590     4782115    -38          14    -59   21  75  231   53  125   18 E2             7
  3 FF 58057 135400  780 573 1065      486462    -93         -49   -145   16  20   96    8   73    7 A8             8
  6 FF 58057 141015  765 467 2917    -4075438    -29         -34    -48   17  69  111   -7   71   -1 E2             1
 31 FF 58057 141015  765 153  375    -1652273     49        -108     75   21  30  304  107  108    5 D8             2
 22 FF 58057 141015  765 284 1153     1733708     62         -33    190   18  17  170   37  127   21 E1             4
  9 FF 58057 141015  765 574 2387    -4654596    -61           4   -112   16 157   96   -8   71   -7 E1             5
 23 FF 58057 141015  765 855 1177     2184233    -18          -3    -16   17  22   81    0   61   -1 95             6
  3 FF 58057 141015  765 502 1114      486400    -79         -61   -132   16  20  105   11   80    9 A0             8
  6 FF 58057 142615  765 496 2818    -4075456    -26         -34    -45   13  69  106   -3   70    0 D2             1
  7 FF 58057 142615  765 164 1854    -2858770    201         -21    252   36  22  285 -119  196  -50 32             2
  2 FF 58057 142615  765 215 3160    -2926921    110          -9    206   13  15  220  -50   80    4 B6             3
  9 FF 58057 142615  765 648 2431    -4654655    -54          -5   -105   14 157   89   -6   65   -5 ED             5
 23 FF 58057 142615  765 797  794     2184228     20          -9     22   12  22   82    2   60    0 6A             6
  3 FF 58057 142615  765 432 1158      486344    -22         -67    -75   13  20  118   16   91   12 BA             8
  6 FF 58057 144200  780 506 2703    -4075479    -19         -38    -39   18  69  105    0   71    2 BD             1
  7 FF 58057 144200  780 234 1852    -2858716     67         -16    118   24  22  203  -60  155  -37 00             2
  2 FF 58057 144200  780 262 3119    -2926848     94         -27    189   19  15  182  -29   81    0 DE             3
  9 FF 58057 144200  780 723 2484    -4654729    -63         -31   -114   18 157   85   -4   61   -3 ED             5
 23 FF 58057 144200  780 727  733     2184223     -2         -16      0   19  22   85    3   61    1 50             6
  3 FF 58057 144200  780 363 1198      486277    -34         -83    -86   20  20  136   23  104   15 C8             8
  6 FF 58057 145815  765 495 2586    -4075492    -31         -33    -50   18  69  106    4   74    4 D0             1
  7 FF 58057 145815  765 307 1850    -2858659     11          -8     62   23  22  158  -35  124  -27 EE             2
  2 FF 58057 145815  765 302 3065    -2926744     62         -15    158   17  15  160  -18   81   -1 DE             3
 26 FF 58057 145815  765 180  561     3785382   -141        -107   -271   19  20  258  -11  119   -7 28             4
  9 FF 58057 145815  765 797 2564    -4654789   -101         -42   -152   15 157   82   -2   59   -2 18             5
 23 FF 58057 145815  765 655  731     2184223    -29         -18    -26   16  22   89    5   63    3 A5             6
  3 FF 58057 145815  765 295 1234      486228   -101         -83   -153   15  20  164   35  120   19 EF             8
  6 FF 58057 151400  780 465 2480    -4075514     -6         -36    -26   12  69  111    7   78    6 A8             1
  7 FF 58057 151400  780 382 1846    -2858618     63         -16    114   13  22  131  -23  102  -20 ED             2
  2 FF 58057 151400  780 333 2999    -2926660    105         -22    200   13  15  147  -10   81    0 C9             3
 26 FF 58057 151400  780 183  492     3785251   -134        -114   -263   21  20  256    5  114   -3 EE             4
  9 FF 58057 151400  780 868 2838    -4654850    -57         -53   -108   13 157   81   -1   58   -1 F7             5
 23 FF 58057 151400  780 585  748     2184220      8         -24     10   13  22   95    7   66    4 65             6
 16 FF 58057 151400  780 193  800     -366871     -4         -64     -1   18  14  243  -43  128  -16 C7             7
  3 FF 58057 151400  780 228 1268      486159   -122        -101   -174   16  20  208   59  140   23 F5             8
  6 FF 58057 153015  765 420 2393    -4075543    -10         -47    -29   18  69  121   12   85    9 CF             1
  7 FF 58057 153015  765 458 1838    -2858566     17         -13     68   18  22  113  -15   85  -14 F2             2
  2 FF 58057 153015  765 352 2922    -2926568     95         -22    191   19  15  140   -4   81    1 BE             3
 26 FF 58057 153015  765 173  425     3785121    -87        -120   -217   20  20  269   23  112    0 E0             4
  9 FF 58057 153015  765 849  538    -4654907    -59         -62   -110   17 157   81    1   57    0 CE             5
 23 FF 58057 153015  765 515  774     2184205    -15         -42    -13   18  22  103   10   70    6 A4             6
 16 FF 58057 153015  765 223  729     -366883    -39         -78    -37   20  14  212  -23  116  -11 F6             7
  3 FF 58057 153015  765 162 1299      486089    -31        -122    -83   25  20  287  115  164   27 FA             8
  6 FF 58057 154615  765 365 2323    -4075552    -50         -37    -70   16  69  136   19   95   12 EC             1
  7 FF 58057 154615  765 534 1822    -2858510     32          -7     84   15  22  101  -10   74  -10 BF             2
  2 FF 58057 154615  765 357 2839    -2926477     84         -23    180   15  15  138    1   82    2 C2             3
 26 FF 58057 154615  765 153  362     3785017   -136         -99   -266   19  20  303   51  114    4 FB             4
  9 FF 58057 154615  765 778  700    -4654958    -81         -63   -133   15 157   83    2   57    0 D5             5
 16 FF 58057 154615  765 242  654     -366886      1         -83      4   17  14  196  -10  107   -7 B1             7
  6 FF 58057 160200  780 305 2268    -4075587    -50         -53    -69   15  71  159   30  108   16 F1             1
  7 FF 58057 160200  780 610 1789    -2858463     56          -8    107   12  23   92   -7   66   -7 B4             2
  2 FF 58057 160200  780 347 2755    -2926381     80         -21    176   13  58  142    6   85    4 B1             3
  9 FF 58057 160200  780 706  772    -4655013    -49         -75   -100   12 167   86    4   58    1 BA             5
  5 FF 58057 160200  780 198 3060      242081     38         -44     25   17  28  237  -76   91   -1 A5             6
 16 FF 58057 160200  780 248  577     -366882     17         -79     20   20  15  192    1  103   -3 A3             7
 30 FF 58057 160200  780 317 2016    -1311325     29         -18     54   17  17  154  -33  110  -24 DD             8
  6 FF 58057 161815  765 241 2223    -4075618     -8         -56    -28   22  58  197   51  126   21 E7             1
  7 FF 58057 161815  765 681 1720    -2858420     51         -15    102   17  23   87   -4   60   -4 B7             2
  2 FF 58057 161815  765 324 2674    -2926308     72         -38    168   18  58  150   13   91    7 D7             3
 26 FF 58057 161830  750 316  873     2184179      1         -71      3   20  23  154   29   95   11 8D             4
  9 FF 58057 161815  765 635  826    -4655079    -67         -81   -119   17  11   90    6   60    3 BF             5
  5 FF 58057 161815  765 263 3057      242052     20         -61      7   20  28  182  -43   88   -6 96             6
 16 FF 58057 161815  765 241  501     -366915    -38        -115    -36   19  15  197   11  102    1 D5             7
 30 FF 58057 161815  765 392 2026    -1311303     40         -20     65   19  17  128  -21   91  -17 DB             8
  7 FF 58057 163400  780 742 1572    -2858366     30          -9     81   14  23   84   -2   57   -3 9B             2
  2 FF 58057 163400  780 290 2600    -2926216     86         -38    182   19  58  166   21   98    9 D2             3
 23 FF 58057 163400  780 252  909     2184182    -11         -70     -9   18  23  189   45  106   12 C8             4
  9 FF 58057 163400  780 564  875    -4655122    -69         -75   -120   15  11   97    8   63    4 B6             5
  5 FF 58057 163400  780 328 3044      242035    -57         -66    -69   15  28  149  -27   81   -7 CE             6
 16 FF 58057 163400  780 220  431     -366903     -1        -105      1   20  15  214   25  104    4 7E             7
 30 FF 58057 163400  780 468 2035    -1311270     -6         -11     19   16  17  111  -15   77  -12 CC             8
  7 FF 58057 165015  765 775 1287    -2858319     90         -12    141   13  23   83    0   55   -2 B2             2
  2 FF 58057 165015  765 246 2535    -2926123    111         -38    207   16  58  193   36  109   13 F8             3
 23 FF 58057 165015  765 190  945     2184172     -6         -83     -4   24  23  247   79  117   12 C3             4
  9 FF 58057 165015  765 496  921    -4655179     -2         -83    -54   13  11  106   11   68    5 B2             5
  5 FF 58057 165015  765 392 3016      242028    -25         -61    -38   16  28  128  -18   75   -7 CA             6
 16 FF 58057 165015  765 188  369     -366891    -10         -95     -7   17  15  248   48  110    9 D1             7
 30 FF 58057 165015  765 546 2042    -1311250     54         -15     79   15  17   99  -10   66   -9 C9             8
  7 FF 58057 170600  780 759  963    -2858276     49         -17    100   20  23   83    1   54   -1 A0             2
  9 FF 58057 170600  780 428  964    -4655225    -10         -79    -61   21  11  119   16   74    7 BE             5
  5 FF 58057 170600  780 451 2970      242008    -10         -69    -22   21  28  114  -12   69   -6 B3             6
 16 FF 58057 170600  780 147  318     -366886     32         -92     34   25  15  314   94  122   14 C3             7
 30 FF 58057 170600  780 624 2039    -1311229     28         -19     53   20  17   91   -7   60   -6 A9             8
  7 FF 58057 172215  765 708  778    -2858232     73         -23    125   11  23   86    3   54    1 96             2
  9 FF 58057 172215  765 362 1006    -4655279    -56         -84   -107   14  11  137   22   81    8 E4             5
  5 FF 58057 172215  765 503 2898      241997    -30         -69    -42   13  28  105   -7   64   -4 C3             6
 30 FF 58057 172215  765 701 2016    -1311202     29         -15     54   12  17   86   -4   55   -4 A0             8
 13 FF 58057 173815  765 233 2816      934081     35         -78     40   20  57  203  -53  101  -13 D9             1
  7 FF 58057 173815  765 642  696    -2858193     43         -33     94   18  23   90    5   55    2 98             2
 28 FF 58057 173815  765 229 1598    -6586856    -29         -32    -59   30  86  207  -63  110  -24 41             4
  9 FF 58057 173815  765 297 1046    -4655336    -25         -92    -76   17  11  163   33   89   12 F7             5
  5 FF 58057 173815  765 542 2799      241989    -10         -64    -22   18  28  100   -4   61   -3 BE             6
 30 FF 58057 173815  765 775 1933    -1311199     40         -37     65   17  17   83   -2   52   -2 C2             8
 13 FF 58057 175400  780 297 2849      934095     30         -68     35   12  63  163  -33   89  -12 E0             1
  7 FF 58057 175400  780 573  665    -2858137     24         -26     75   10  24   96    8   58    4 91             2
 28 FF 58057 175400  780 302 1573    -6586841    -19          16    -50   17  87  161  -36   89  -18 13             4
  9 FF 58057 175400  780 233 1084    -4655374    -89         -86   -140   15  12  204   54  101   14 FC             5
  5 FF 58057 175400  780 562 2674      241996    -15         -51    -27   10  29   97   -1   59   -1 AB             6
 20 FF 58057 175400  780 198 3147    -4914057      7         -66     -5   15  17  238  -65  105   -7 E2             7
 30 FF 58057 175400  780 833 1609    -1311167      7         -30     32   10  83   81   -1   51   -1 8A             8
 13 FF 58057 181015  765 362 2879      934093     14         -75     19   53  63  137  -22   79  -10 DF             1
  7 FF 58057 181015  765 502  660    -2858108     26         -45     77   52  24  105   11   63    6 9E             2
 28 FF 58057 181015  765 375 1542    -6586875    -52          11    -83   52  87  133  -23   77  -10 0F             4
  5 FF 58057 181015  765 559 2538      241976     -6         -59    -18   52  29   98    2   59    0 95             6
 20 FF 58057 181015  765 250 3109    -4914071     -3         -69    -14   52  17  190  -36   97   -8 E6             7
 30 FF 58057 181015  765 821  989    -1311151     33         -38     58   52  83   82    1   50    0 86             8
 13 FF 58057 182600  780 430 2905      934107     -8         -65     -4   14  63  118  -16   70   -8 AE             1
  7 FF 58057 182600  780 433  669    -2858062     11         -48     63   16  24  118   16   69    8 B0             2
 28 FF 58057 182600  780 446 1500    -6586889    -66          27    -97   15  87  115  -15   68   -8 13             4
  5 FF 58057 182600  780 534 2413      241978    -24         -46    -37   14  29  101    5   60    3 90             6
 20 FF 58057 182600  780 297 3058    -4914069    -23         -56    -35   15  17  163  -22   89   -8 05             7
 30 FF 58057 182600  780 758  774    -1311133      5         -44     30   13  83   83    3   51    1 69             8
 13 FF 58057 184215  765 501 2925      934124     16         -52     21   53  63  105  -11   63   -6 AF             1
  7 FF 58057 184215  765 365  686    -2858014     79         -49    131   53  24  136   22   78   10 D9             2
  8 FF 58057 184215  765 162  520      789770    -18        -180     -4   55  26  286  -15  118   -2 D5             3
 28 FF 58057 184215  765 514 1441    -6586920     14          25    -17   54  87  103  -10   62   -5 E0             4
 15 FF 58057 184215  765 188 2970     3569322    144         -98    146   59  21  250  -84  112  -16 2E             5
  5 FF 58057 184215  765 490 2312      241963    -28         -48    -40   52  29  107    8   64    5 A1             6
 20 FF 58057 184215  765 334 2993    -4914080      3         -57     -8   52  17  146  -13   83   -5 CF             7
 30 FF 58057 184215  765 686  722    -1311113     26         -48     51   53  83   87    5   53    2 8E             8
 13 FF 58057 185815  765 573 2936      934131     18         -50     22   16  63   96   -8   58   -5 B1             1
  7 FF 58057 185815  765 299  710    -2857985     59         -70    111   20  24  162   33   89   12 DF             2
  8 FF 58057 185815  765 165  452      789779    -16        -184     -2   26  26  281    5  117    1 B8             3
 28 FF 58057 185815  765 574 1354    -6586955    -65          20    -96   18  87   96   -6   58   -3 00             4
 15 FF 58057 185815  765 253 2981     3569316     73        -105     75   20  21  188  -47   97  -14 11             5
  5 FF 58057 185815  765 435 2234      241946     -3         -53    -16   17  29  117   13   69    7 A8             6
 20 FF 58057 185815  765 360 2916    -4914095    -11         -61    -23   16  17  137   -6   79   -3 EF             7
 30 FF 58057 185815  765 613  717    -1311106      1         -65     26   18  83   92    7   55    4 7E             8
 13 FF 58057 191415  765 647 2928      934150     23         -45     28   46  18   89   -6   54   -3 B1             1
  7 FF 58057 191415  765 235  738    -2857928     95         -63    146   52  24  202   53  101   14 E4             2
  8 FF 58057 191415  765 157  386      789803    -42        -136    -28   62  19  296   27  120    4 D9             3
 28 FF 58057 191415  765 619 1229    -6586985     10          19    -21   47  87   92   -3   55   -2 D9             4
 15 FF 58057 191415  765 320 2985     3569309    -16        -114    -14   45  21  152  -29   85  -12 14             5
  5 FF 58057 191415  765 373 2176      241950     56         -37     43   45  29  133   20   77    9 A0             6
 20 FF 58057 191415  765 372 2830    -4914103     12         -57      1   47  17  134   -1   77   -1 AC             7
 30 FF 58057 191415  765 542  730    -1311076     60         -73     85   46  18  100    9   60    5 96             8
 13 FF 58057 193015  765 719 2880      934155    -30         -44    -26   53  18   85   -4   52   -2 BB             1
  7 FF 58057 193015  765 173  769    -2857874    -40         -57     12   57  24  271   96  116   16 EF             2
  8 FF 58057 193015  765 137  325      789819     30        -133     44   60  19  336   60  125    7 B1             3
 28 FF 58057 193015  765 642 1069    -6587011    -74          23   -104   52  87   90   -1   54    0 CE             4
 15 FF 58057 193015  765 388 2978     3569348     -4         -77     -1   53  21  129  -20   75   -9 E5             5
  5 FF 58057 193015  765 308 2132      241939    -69         -36    -81   52  29  158   32   87   12 CD             6
 20 FF 58057 193015  765 368 2741    -4914109    -44         -52    -55   52  17  135    4   78    2 D1             7
 30 FF 58057 193015  765 472  753    -1311051    -22         -72      3   53  18  110   13   65    7 95             8
 13 FF 58057 194600  780 785 2724      934160    -12         -43     -8   13  18   83   -2   51   -1 9A             1
 28 FF 58057 194600  780 637  900    -6587044    -64          19    -95   14  87   90    2   54    1 AF             4
 15 FF 58057 194600  780 455 2956     3569361    -10         -67     -8   15  21  113  -13   67   -7 E0             5
  5 FF 58057 194600  780 242 2096      241922     29         -41     16   20  29  197   52  100   14 A9             6
 30 FF 58057 194600  780 404  781    -1311023     -4         -69     21   16  18  125   18   73    9 9F             8
 13 FF 58057 200215  765 817 2294      934158     -7         -44     -3   38  64   82    0   50    0 71             1
 17 FF 58057 200215  765 167 1325     1474999    -34         -89    -56   41  18  280 -102  117  -16 2C             2
 20 FF 58057 200215  765 317 2576    -4914119    -12         -44    -23   38  18  153   17   85    6 DB             3
 28 FF 58057 200215  765 605  760    -6587097    -33           3    -64   38  88   93    4   56    2 9F             4
 15 FF 58057 200215  765 519 2913     3569354    -32         -73    -30   41  22  103   -9   61   -5 CD             5
  5 FF 58057 200215  765 176 2067      241881    -48         -72    -61   41  30  266   98  115   17 D4             6
 30 FF 58057 200215  765 338  812    -1311018     13         -89     38   39  19  145   26   82   11 BA             8
 13 FF 58057 201800  780 780 1882      934170    -14         -37    -10   13  64   83    2   51    1 86             1
 17 FF 58057 201800  780 228 1284     1474970     79         -96     56   18  18  208  -54  102  -14 00             2
 20 FF 58057 201800  780 276 2506    -4914139     -5         -52    -16   15  18  174   27   93    9 CC             3
 28 FF 58057 201800  780 557  663    -6587126    -45           4    -75   14  88   98    7   59    4 AB             4
 15 FF 58057 201800  780 576 2839     3569367    -17         -63    -15   13  22   96   -6   57   -3 D8             5
 18 FF 58057 201800  780 176 3177    -6321362      3        -124     -1   15  86  265  -39  115   -7 E6             7
 30 FF 58057 201800  780 274  845    -1310989    -36         -84    -11   20  19  175   39   93   13 DF             8
 13 FF 58057 203415  765 710 1733      934168     55         -44     60   58  64   86    4   52    2 86             1
 17 FF 58057 203415  765 288 1235     1474975    -21         -69    -44   59  18  167  -32   91  -11 11             2
 20 FF 58057 203415  765 228 2447    -4914137     77         -39     65   59  18  207   45  103   11 F0             3
 28 FF 58057 203415  765 499  604    -6587163     19          -5    -12   58  88  106   10   63    5 C0             4
 15 FF 58057 203415  765 621 2722     3569363     73         -69     75   57  22   92   -3   55   -2 BB             5
 24 FF 58057 203415  765 259 2751      416325     78        -122     83   59  58  185  -43   96  -13 F9             6
 18 FF 58057 203415  765 198 3118    -6321379     50        -137     45   56  86  237  -20  109   -4 0F             7
 30 FF 58057 203415  765 211  880    -1310979     39         -98     64   58  19  223   64  106   15 E1             8
 13 FF 58057 205015  765 632 1681      934178    -14         -38     -9   14  64   91    7   55    4 91             1
 17 FF 58057 205015  765 344 1177     1474968    -27         -54    -50   15  18  143  -20   81   -8 F0             2
 28 FF 58057 205015  765 436  571    -6587201    -32         -13    -62   15  88  117   14   69    7 D4             4
 15 FF 58057 205015  765 643 2564     3569389      2         -46      4   14  22   90   -1   54    0 79             5
 24 FF 58057 205015  765 324 2784      416341      5        -111     11   16  58  151  -28   84  -11 BF             6
 18 FF 58057 205015  765 209 3054    -6321374     -7        -128    -12   17  86  225   -6  107   -1 EF             7
 30 FF 58057 205015  765 151  915    -1310957     22        -100     47   36  19  308  122  121   17 E0             8
 13 FF 58057 210600  780 552 1662      934179     32         -41     37   11  64   98   10   59    6 90             1
 17 FF 58057 210600  780 393 1106     1474947      2         -54    -21   13  18  127  -13   74   -6 BE             2
 28 FF 58057 210600  780 372  556    -6587221     -3          -4    -34   14  88  134   21   77    9 AB             4
 15 FF 58057 210600  780 637 2391     3569393     30         -43     32   13  22   90    2   54    1 81             5
 19 FF 58057 210600  780 274 1385     4781552     42          -5     22   18  57  175  -40   93  -13 D1             8
 13 FF 58057 212215  765 472 1658      934179    -39         -46    -35   16  64  110   15   65    8 CB             1
 17 FF 58057 212215  765 432 1020     1474919    -52         -59    -75   18  18  118   -7   70   -4 DB             2
 12 FF 58057 212215  765 154 2276    -3668019    -16         -63      0   24  32  303 -129  120  -18 FD             3
 28 FF 58057 212215  765 308  555    -6587261    -30         -14    -61   20  88  158   31   87   12 E4             4
 15 FF 58057 212215  765 604 2244     3569399      4         -40      6   17  22   93    4   56    2 70             5
 10 FF 58057 212215  765 154 3220    -1011733   -124        -136   -205   20  21  301  -34  120   -5 04             6
 24 FF 58057 212215  765 458 2843      416352    -44        -111    -39   17  58  113  -14   67   -7 EC             7
 19 FF 58057 212215  765 339 1336     4781526    -27         -12    -48   19  57  145  -25   82  -10 06             8
 13 FF 58057 213800  780 393 1660      934196     19         -33     24   13  64  128   22   74   11 AF             1
 17 FF 58057 213800  780 456  922     1474896     -7         -60    -29   12  18  113   -3   67   -2 B9             2
 12 FF 58057 213800  780 221 2308    -3667973     56         -33     72   17  32  214  -64  104  -16 F8             3
 28 FF 58057 213800  780 244  562    -6587303    -74         -26   -105   18  88  195   49   99   14 0C             4
 15 FF 58057 213800  780 552 2136     3569414     28         -27     30   11  22   98    7   59    4 93             5
 24 FF 58057 213800  780 529 2866      416369      3         -99      9   11  58  101  -10   61   -6 9F             7
 19 FF 58057 213800  780 401 1275     4781517     10          -0    -10   12  57  126  -16   73   -8 B8             8
 13 FF 58057 215400  780 316 1665      934176     13         -57     18   19  67  154   34   86   13 BE             1
 17 FF 58057 215400  780 463  817     1474863    -24         -68    -47   18  64  112    0   66    0 AF             2
 12 FF 58057 215400  780 290 2343    -3667951     10         -33     26   20  46  167  -38   90  -13 E4             3
 28 FF 58057 215400  780 182  577    -6587351     17         -43    -13   31  89  258   86  113   16 F3             4
 15 FF 58057 215400  780 490 2064     3569408     35         -33     38   17  23  107   11   64    6 AF             5
 24 FF 58057 215400  780 601 2880      416381      2         -89      8   17  59   93   -7   56   -4 80             7
 19 FF 58057 215400  780 454 1195     4781486     -3         -11    -23   17  65  113  -10   67   -5 D3             8
 13 FF 58057 221000  780 241 1670      934196    -47         -41    -42   16  67  197   58  100   16 D9             1
 17 FF 58057 221000  780 451  717     1474851    -31         -58    -54   11  64  114    4   67    2 9E             2
 12 FF 58057 221000  780 359 2382    -3667937     27         -33     43   15  46  138  -24   79  -11 F3             3
 15 FF 58057 221000  780 422 2014     3569429    -29         -14    -27   14  23  120   17   71    8 B9             5
 24 FF 58057 221000  780 674 2876      416391      6         -84     12   10  59   88   -5   53   -2 89             7
 19 FF 58057 221000  780 496 1094     4781482    -47           5    -67   11  65  106   -5   63   -3 BC             8
 13 FF 58057 222615  765 169 1674      934179    131         -63    136   22  67  277  116  116   19 10             1
 17 FF 58057 222615  765 423  629     1474819    -13         -68    -36   17  64  120    8   71    4 B8             2
 12 FF 58057 222615  765 430 2425    -3667932     28         -44     44   16  46  118  -16   70   -8 E3             3
 15 FF 58057 222615  765 352 1979     3569426    -27         -18    -24   18  23  140   25   80   11 E9             5
 24 FF 58057 222615  765 746 2830      416390      3         -91      9   16  59   84   -3   51   -1 7C             7
 19 FF 58057 222615  765 519  974     4781449      2          -8    -19   16  65  103   -2   61   -1 A3             8
 17 FF 58057 224215  765 382  559     1474786    -92         -80   -115   53  64  131   14   76    7 E5             2
 12 FF 58057 224215  765 502 2474    -3667914    -11         -41      5   52  46  105  -11   63   -6 CB             3
 32 FF 58057 224215  765 132 3233     5191483    -31        -135      7   70  17  350 -143  126  -16 03             4
 15 FF 58057 224215  765 283 1953     3569410    -45         -37    -43   53  23  170   40   92   13 E1             5
 24 FF 58057 224215  765 812 2648      416403    -38         -84    -32   52  59   82   -1   50    0 A3             7
 19 FF 58057 224215  765 520  847     4781424    -51         -13    -71   52  65  103    2   61    1 A2             8
 25 FF 58057 225800  780 192 2532     4820300    112         -69    174   16  23  245  -79  111  -16 0C             1
 17 FF 58057 225800  780 331  507     1474746    -27         -97    -50   15  64  148   22   83    9 CB             2
 12 FF 58057 225800  780 574 2529    -3667896     28         -38     44   14  46   96   -8   58   -4 DF             3
 32 FF 58057 225800  780 185 3200     5191538     77        -115    115   17  17  254  -69  113  -13 13             4
 15 FF 58057 225800  780 214 1932     3569394    -35         -55    -33   22  23  220   68  106   16 F0             5
 24 FF 58057 225800  780 834 2079      416395     17         -97     22   14  59   81    0   50    0 82             7
 19 FF 58057 225800  780 498  731     4781394    -18         -24    -39   14  65  106    5   63    3 BD             8
 25 FF 58057 231415  765 255 2573     4820366     72         -62    134   17  23  187  -45   97  -13 02             1
 17 FF 58057 231415  765 275  471     1474719     -7        -102    -30   16  64  175   35   93   12 D3             2
 12 FF 58057 231415  765 647 2596    -3667879     -4         -36     12   16  46   89   -6   54   -3 D4             3
 32 FF 58057 231415  765 232 3155     5191588     17        -101     55   17  17  204  -38  102  -10 F6             4
  6 FF 58057 231415  765 189 1037    -4076151     -1         -96    -20   25  70  248  -62  111  -12 EC             6
 24 FF 58057 231415  765 782 1700      416406      0         -91      6   15  59   83    2   51    1 50             7
 19 FF 58057 231415  765 458  637     4781368    -43         -31    -64   16  65  113    9   67    5 C5             8
 25 FF 58057 233000  780 320 2615     4820439     64         -49    126   13  23  152  -29   85  -11 E6             1
 17 FF 58057 233000  780 215  448     1474706     83         -94     60   15  64  219   60  105   14 C1             2
 12 FF 58057 233000  780 719 2687    -3667865     21         -38     37   14  46   85   -4   52   -2 C5             3
  6 FF 58057 233000  780 235  978    -4076154      8         -80    -11   15  70  202  -36  101  -10 BF             6
 24 FF 58057 233000  780 709 1598      416417     -0         -86      6   13  59   86    4   52    2 6B             7
 19 FF 58057 233000  780 406  569     4781343    -27         -36    -47   15  65  124   15   73    7 C5             8
 25 FF 58057 234615  765 386 2659     4820493     40         -56    102   63  23  130  -20   75   -9 EA             1
 17 FF 58057 234615  765 154  436     1474653     71        -125     48   69  64  302  120  120   17 EE             2
 12 FF 58057 234615  765 787 2842    -3667854      3         -43     19   65  46   82   -2   51   -1 BC             3
  2 FF 58057 234615  765 201 1290    -2923755    177         -43    272   70  60  234  -66  109  -14 14             4
 14 FF 58057 234615  765 198 3197      875304     25         -84     34   66  23  237  -51  109  -11 F2             5
  6 FF 58057 234615  765 274  910    -4076176    -20         -83    -39   64  70  175  -21   93   -7 E3             6
 24 FF 58057 234615  765 632 1569      416411    -23         -97    -17   65  59   91    6   55    3 AD             7
 19 FF 58057 234615  765 346  523     4781316     -6         -42    -27   65  65  142   23   81   10 C3             8
